1.900000000000000000e+01 1.200000000000000000e+01
1.900000000000000000e+01 3.600000000000000000e+01
1.900000000000000000e+01 6.000000000000000000e+01
1.900000000000000000e+01 8.400000000000000000e+01
1.900000000000000000e+01 1.080000000000000000e+02
1.900000000000000000e+01 1.320000000000000000e+02
1.900000000000000000e+01 1.560000000000000000e+02
1.900000000000000000e+01 1.800000000000000000e+02
1.900000000000000000e+01 2.040000000000000000e+02
1.900000000000000000e+01 2.280000000000000000e+02
1.900000000000000000e+01 2.520000000000000000e+02
1.900000000000000000e+01 2.760000000000000000e+02
1.900000000000000000e+01 3.000000000000000000e+02
1.900000000000000000e+01 3.240000000000000000e+02
1.900000000000000000e+01 3.480000000000000000e+02
1.900000000000000000e+01 3.720000000000000000e+02
1.900000000000000000e+01 3.960000000000000000e+02
1.900000000000000000e+01 4.200000000000000000e+02
1.900000000000000000e+01 4.440000000000000000e+02
3.100000000000000000e+01 2.400000000000000000e+01
3.100000000000000000e+01 4.800000000000000000e+01
3.100000000000000000e+01 7.200000000000000000e+01
3.100000000000000000e+01 9.600000000000000000e+01
3.100000000000000000e+01 1.200000000000000000e+02
3.100000000000000000e+01 1.440000000000000000e+02
3.100000000000000000e+01 1.680000000000000000e+02
3.100000000000000000e+01 1.920000000000000000e+02
3.100000000000000000e+01 2.160000000000000000e+02
3.100000000000000000e+01 2.400000000000000000e+02
3.100000000000000000e+01 2.640000000000000000e+02
3.100000000000000000e+01 2.880000000000000000e+02
3.100000000000000000e+01 3.120000000000000000e+02
3.100000000000000000e+01 3.360000000000000000e+02
3.100000000000000000e+01 3.600000000000000000e+02
3.100000000000000000e+01 3.840000000000000000e+02
3.100000000000000000e+01 4.080000000000000000e+02
3.100000000000000000e+01 4.320000000000000000e+02
3.100000000000000000e+01 4.560000000000000000e+02
4.300000000000000000e+01 1.200000000000000000e+01
4.300000000000000000e+01 3.600000000000000000e+01
4.300000000000000000e+01 6.000000000000000000e+01
4.300000000000000000e+01 8.400000000000000000e+01
4.300000000000000000e+01 1.080000000000000000e+02
4.300000000000000000e+01 1.320000000000000000e+02
4.300000000000000000e+01 1.560000000000000000e+02
4.300000000000000000e+01 1.800000000000000000e+02
4.300000000000000000e+01 2.040000000000000000e+02
4.300000000000000000e+01 2.280000000000000000e+02
4.300000000000000000e+01 2.520000000000000000e+02
4.300000000000000000e+01 2.760000000000000000e+02
4.300000000000000000e+01 3.000000000000000000e+02
4.300000000000000000e+01 3.240000000000000000e+02
4.300000000000000000e+01 3.480000000000000000e+02
4.300000000000000000e+01 3.720000000000000000e+02
4.300000000000000000e+01 3.960000000000000000e+02
4.300000000000000000e+01 4.200000000000000000e+02
4.300000000000000000e+01 4.440000000000000000e+02
5.500000000000000000e+01 2.400000000000000000e+01
5.500000000000000000e+01 4.800000000000000000e+01
5.500000000000000000e+01 7.200000000000000000e+01
5.500000000000000000e+01 9.600000000000000000e+01
5.500000000000000000e+01 1.200000000000000000e+02
5.500000000000000000e+01 1.440000000000000000e+02
5.500000000000000000e+01 1.680000000000000000e+02
5.500000000000000000e+01 1.920000000000000000e+02
5.500000000000000000e+01 2.160000000000000000e+02
5.500000000000000000e+01 2.400000000000000000e+02
5.500000000000000000e+01 2.640000000000000000e+02
5.500000000000000000e+01 2.880000000000000000e+02
5.500000000000000000e+01 3.120000000000000000e+02
5.500000000000000000e+01 3.360000000000000000e+02
5.500000000000000000e+01 3.600000000000000000e+02
5.500000000000000000e+01 3.840000000000000000e+02
5.500000000000000000e+01 4.080000000000000000e+02
5.500000000000000000e+01 4.320000000000000000e+02
5.500000000000000000e+01 4.560000000000000000e+02
6.700000000000000000e+01 1.200000000000000000e+01
6.700000000000000000e+01 3.600000000000000000e+01
6.700000000000000000e+01 6.000000000000000000e+01
6.700000000000000000e+01 8.400000000000000000e+01
6.700000000000000000e+01 1.080000000000000000e+02
6.700000000000000000e+01 1.320000000000000000e+02
6.700000000000000000e+01 1.560000000000000000e+02
6.700000000000000000e+01 1.800000000000000000e+02
6.700000000000000000e+01 2.040000000000000000e+02
6.700000000000000000e+01 2.280000000000000000e+02
6.700000000000000000e+01 2.520000000000000000e+02
6.700000000000000000e+01 2.760000000000000000e+02
6.700000000000000000e+01 3.000000000000000000e+02
6.700000000000000000e+01 3.240000000000000000e+02
6.700000000000000000e+01 3.480000000000000000e+02
6.700000000000000000e+01 3.720000000000000000e+02
6.700000000000000000e+01 3.960000000000000000e+02
6.700000000000000000e+01 4.200000000000000000e+02
6.700000000000000000e+01 4.440000000000000000e+02
7.900000000000000000e+01 2.400000000000000000e+01
7.900000000000000000e+01 4.800000000000000000e+01
7.900000000000000000e+01 7.200000000000000000e+01
7.900000000000000000e+01 9.600000000000000000e+01
7.900000000000000000e+01 1.200000000000000000e+02
7.900000000000000000e+01 1.440000000000000000e+02
7.900000000000000000e+01 1.680000000000000000e+02
7.900000000000000000e+01 1.920000000000000000e+02
7.900000000000000000e+01 2.160000000000000000e+02
7.900000000000000000e+01 2.400000000000000000e+02
7.900000000000000000e+01 2.640000000000000000e+02
7.900000000000000000e+01 2.880000000000000000e+02
7.900000000000000000e+01 3.120000000000000000e+02
7.900000000000000000e+01 3.360000000000000000e+02
7.900000000000000000e+01 3.600000000000000000e+02
7.900000000000000000e+01 3.840000000000000000e+02
7.900000000000000000e+01 4.080000000000000000e+02
7.900000000000000000e+01 4.320000000000000000e+02
7.900000000000000000e+01 4.560000000000000000e+02
9.100000000000000000e+01 1.200000000000000000e+01
9.100000000000000000e+01 3.600000000000000000e+01
9.100000000000000000e+01 6.000000000000000000e+01
9.100000000000000000e+01 8.400000000000000000e+01
9.100000000000000000e+01 1.080000000000000000e+02
9.100000000000000000e+01 1.320000000000000000e+02
9.100000000000000000e+01 1.560000000000000000e+02
9.100000000000000000e+01 1.800000000000000000e+02
9.100000000000000000e+01 2.040000000000000000e+02
9.100000000000000000e+01 2.280000000000000000e+02
9.100000000000000000e+01 2.520000000000000000e+02
9.100000000000000000e+01 2.760000000000000000e+02
9.100000000000000000e+01 3.000000000000000000e+02
9.100000000000000000e+01 3.240000000000000000e+02
9.100000000000000000e+01 3.480000000000000000e+02
9.100000000000000000e+01 3.720000000000000000e+02
9.100000000000000000e+01 3.960000000000000000e+02
9.100000000000000000e+01 4.200000000000000000e+02
9.100000000000000000e+01 4.440000000000000000e+02
1.030000000000000000e+02 2.400000000000000000e+01
1.030000000000000000e+02 4.800000000000000000e+01
1.030000000000000000e+02 7.200000000000000000e+01
1.030000000000000000e+02 9.600000000000000000e+01
1.030000000000000000e+02 1.200000000000000000e+02
1.030000000000000000e+02 1.440000000000000000e+02
1.030000000000000000e+02 1.680000000000000000e+02
1.030000000000000000e+02 1.920000000000000000e+02
1.030000000000000000e+02 2.160000000000000000e+02
1.030000000000000000e+02 2.400000000000000000e+02
1.030000000000000000e+02 2.640000000000000000e+02
1.030000000000000000e+02 2.880000000000000000e+02
1.030000000000000000e+02 3.120000000000000000e+02
1.030000000000000000e+02 3.360000000000000000e+02
1.030000000000000000e+02 3.600000000000000000e+02
1.030000000000000000e+02 3.840000000000000000e+02
1.030000000000000000e+02 4.080000000000000000e+02
1.030000000000000000e+02 4.320000000000000000e+02
1.030000000000000000e+02 4.560000000000000000e+02
1.150000000000000000e+02 1.200000000000000000e+01
1.150000000000000000e+02 3.600000000000000000e+01
1.150000000000000000e+02 6.000000000000000000e+01
1.150000000000000000e+02 8.400000000000000000e+01
1.150000000000000000e+02 1.080000000000000000e+02
1.150000000000000000e+02 1.320000000000000000e+02
1.150000000000000000e+02 1.560000000000000000e+02
1.150000000000000000e+02 1.800000000000000000e+02
1.150000000000000000e+02 2.040000000000000000e+02
1.150000000000000000e+02 2.280000000000000000e+02
1.150000000000000000e+02 2.520000000000000000e+02
1.150000000000000000e+02 2.760000000000000000e+02
1.150000000000000000e+02 3.000000000000000000e+02
1.150000000000000000e+02 3.240000000000000000e+02
1.150000000000000000e+02 3.480000000000000000e+02
1.150000000000000000e+02 3.720000000000000000e+02
1.150000000000000000e+02 3.960000000000000000e+02
1.150000000000000000e+02 4.200000000000000000e+02
1.150000000000000000e+02 4.440000000000000000e+02
1.270000000000000000e+02 2.400000000000000000e+01
1.270000000000000000e+02 4.800000000000000000e+01
1.270000000000000000e+02 7.200000000000000000e+01
1.270000000000000000e+02 9.600000000000000000e+01
1.270000000000000000e+02 1.200000000000000000e+02
1.270000000000000000e+02 1.440000000000000000e+02
1.270000000000000000e+02 1.680000000000000000e+02
1.270000000000000000e+02 1.920000000000000000e+02
1.270000000000000000e+02 2.160000000000000000e+02
1.270000000000000000e+02 2.400000000000000000e+02
1.270000000000000000e+02 2.640000000000000000e+02
1.270000000000000000e+02 2.880000000000000000e+02
1.270000000000000000e+02 3.120000000000000000e+02
1.270000000000000000e+02 3.360000000000000000e+02
1.270000000000000000e+02 3.600000000000000000e+02
1.270000000000000000e+02 3.840000000000000000e+02
1.270000000000000000e+02 4.080000000000000000e+02
1.270000000000000000e+02 4.320000000000000000e+02
1.270000000000000000e+02 4.560000000000000000e+02
1.390000000000000000e+02 1.200000000000000000e+01
1.390000000000000000e+02 3.600000000000000000e+01
1.390000000000000000e+02 6.000000000000000000e+01
1.390000000000000000e+02 8.400000000000000000e+01
1.390000000000000000e+02 1.080000000000000000e+02
1.390000000000000000e+02 1.320000000000000000e+02
1.390000000000000000e+02 1.560000000000000000e+02
1.390000000000000000e+02 1.800000000000000000e+02
1.390000000000000000e+02 2.040000000000000000e+02
1.390000000000000000e+02 2.280000000000000000e+02
1.390000000000000000e+02 2.520000000000000000e+02
1.390000000000000000e+02 2.760000000000000000e+02
1.390000000000000000e+02 3.000000000000000000e+02
1.390000000000000000e+02 3.240000000000000000e+02
1.390000000000000000e+02 3.480000000000000000e+02
1.390000000000000000e+02 3.720000000000000000e+02
1.390000000000000000e+02 3.960000000000000000e+02
1.390000000000000000e+02 4.200000000000000000e+02
1.390000000000000000e+02 4.440000000000000000e+02
1.510000000000000000e+02 2.400000000000000000e+01
1.510000000000000000e+02 4.800000000000000000e+01
1.510000000000000000e+02 7.200000000000000000e+01
1.510000000000000000e+02 9.600000000000000000e+01
1.510000000000000000e+02 1.200000000000000000e+02
1.510000000000000000e+02 1.440000000000000000e+02
1.510000000000000000e+02 1.680000000000000000e+02
1.510000000000000000e+02 1.920000000000000000e+02
1.510000000000000000e+02 2.160000000000000000e+02
1.510000000000000000e+02 2.400000000000000000e+02
1.510000000000000000e+02 2.640000000000000000e+02
1.510000000000000000e+02 2.880000000000000000e+02
1.510000000000000000e+02 3.120000000000000000e+02
1.510000000000000000e+02 3.360000000000000000e+02
1.510000000000000000e+02 3.600000000000000000e+02
1.510000000000000000e+02 3.840000000000000000e+02
1.510000000000000000e+02 4.080000000000000000e+02
1.510000000000000000e+02 4.320000000000000000e+02
1.510000000000000000e+02 4.560000000000000000e+02
1.630000000000000000e+02 1.200000000000000000e+01
1.630000000000000000e+02 3.600000000000000000e+01
1.630000000000000000e+02 6.000000000000000000e+01
1.630000000000000000e+02 8.400000000000000000e+01
1.630000000000000000e+02 1.080000000000000000e+02
1.630000000000000000e+02 1.320000000000000000e+02
1.630000000000000000e+02 1.560000000000000000e+02
1.630000000000000000e+02 1.800000000000000000e+02
1.630000000000000000e+02 2.040000000000000000e+02
1.630000000000000000e+02 2.280000000000000000e+02
1.630000000000000000e+02 2.520000000000000000e+02
1.630000000000000000e+02 2.760000000000000000e+02
1.630000000000000000e+02 3.000000000000000000e+02
1.630000000000000000e+02 3.240000000000000000e+02
1.630000000000000000e+02 3.480000000000000000e+02
1.630000000000000000e+02 3.720000000000000000e+02
1.630000000000000000e+02 3.960000000000000000e+02
1.630000000000000000e+02 4.200000000000000000e+02
1.630000000000000000e+02 4.440000000000000000e+02
1.750000000000000000e+02 2.400000000000000000e+01
1.750000000000000000e+02 4.800000000000000000e+01
1.750000000000000000e+02 7.200000000000000000e+01
1.750000000000000000e+02 9.600000000000000000e+01
1.750000000000000000e+02 1.200000000000000000e+02
1.750000000000000000e+02 1.440000000000000000e+02
1.750000000000000000e+02 1.680000000000000000e+02
1.750000000000000000e+02 1.920000000000000000e+02
1.750000000000000000e+02 2.160000000000000000e+02
1.750000000000000000e+02 2.400000000000000000e+02
1.750000000000000000e+02 2.640000000000000000e+02
1.750000000000000000e+02 2.880000000000000000e+02
1.750000000000000000e+02 3.120000000000000000e+02
1.750000000000000000e+02 3.360000000000000000e+02
1.750000000000000000e+02 3.600000000000000000e+02
1.750000000000000000e+02 3.840000000000000000e+02
1.750000000000000000e+02 4.080000000000000000e+02
1.750000000000000000e+02 4.320000000000000000e+02
1.750000000000000000e+02 4.560000000000000000e+02
1.870000000000000000e+02 1.200000000000000000e+01
1.870000000000000000e+02 3.600000000000000000e+01
1.870000000000000000e+02 6.000000000000000000e+01
1.870000000000000000e+02 8.400000000000000000e+01
1.870000000000000000e+02 1.080000000000000000e+02
1.870000000000000000e+02 1.320000000000000000e+02
1.870000000000000000e+02 1.560000000000000000e+02
1.870000000000000000e+02 1.800000000000000000e+02
1.870000000000000000e+02 2.040000000000000000e+02
1.870000000000000000e+02 2.280000000000000000e+02
1.870000000000000000e+02 2.520000000000000000e+02
1.870000000000000000e+02 2.760000000000000000e+02
1.870000000000000000e+02 3.000000000000000000e+02
1.870000000000000000e+02 3.240000000000000000e+02
1.870000000000000000e+02 3.480000000000000000e+02
1.870000000000000000e+02 3.720000000000000000e+02
1.870000000000000000e+02 3.960000000000000000e+02
1.870000000000000000e+02 4.200000000000000000e+02
1.870000000000000000e+02 4.440000000000000000e+02
1.990000000000000000e+02 2.400000000000000000e+01
1.990000000000000000e+02 4.800000000000000000e+01
1.990000000000000000e+02 7.200000000000000000e+01
1.990000000000000000e+02 9.600000000000000000e+01
1.990000000000000000e+02 1.200000000000000000e+02
1.990000000000000000e+02 1.440000000000000000e+02
1.990000000000000000e+02 1.680000000000000000e+02
1.990000000000000000e+02 1.920000000000000000e+02
1.990000000000000000e+02 2.160000000000000000e+02
1.990000000000000000e+02 2.400000000000000000e+02
1.990000000000000000e+02 2.640000000000000000e+02
1.990000000000000000e+02 2.880000000000000000e+02
1.990000000000000000e+02 3.120000000000000000e+02
1.990000000000000000e+02 3.360000000000000000e+02
1.990000000000000000e+02 3.600000000000000000e+02
1.990000000000000000e+02 3.840000000000000000e+02
1.990000000000000000e+02 4.080000000000000000e+02
1.990000000000000000e+02 4.320000000000000000e+02
1.990000000000000000e+02 4.560000000000000000e+02
2.110000000000000000e+02 1.200000000000000000e+01
2.110000000000000000e+02 3.600000000000000000e+01
2.110000000000000000e+02 6.000000000000000000e+01
2.110000000000000000e+02 8.400000000000000000e+01
2.110000000000000000e+02 1.080000000000000000e+02
2.110000000000000000e+02 1.320000000000000000e+02
2.110000000000000000e+02 1.560000000000000000e+02
2.110000000000000000e+02 1.800000000000000000e+02
2.110000000000000000e+02 2.040000000000000000e+02
2.110000000000000000e+02 2.280000000000000000e+02
2.110000000000000000e+02 2.520000000000000000e+02
2.110000000000000000e+02 2.760000000000000000e+02
2.110000000000000000e+02 3.000000000000000000e+02
2.110000000000000000e+02 3.240000000000000000e+02
2.110000000000000000e+02 3.480000000000000000e+02
2.110000000000000000e+02 3.720000000000000000e+02
2.110000000000000000e+02 3.960000000000000000e+02
2.110000000000000000e+02 4.200000000000000000e+02
2.110000000000000000e+02 4.440000000000000000e+02
2.230000000000000000e+02 2.400000000000000000e+01
2.230000000000000000e+02 4.800000000000000000e+01
2.230000000000000000e+02 7.200000000000000000e+01
2.230000000000000000e+02 9.600000000000000000e+01
2.230000000000000000e+02 1.200000000000000000e+02
2.230000000000000000e+02 1.440000000000000000e+02
2.230000000000000000e+02 1.680000000000000000e+02
2.230000000000000000e+02 1.920000000000000000e+02
2.230000000000000000e+02 2.160000000000000000e+02
2.230000000000000000e+02 2.400000000000000000e+02
2.230000000000000000e+02 2.640000000000000000e+02
2.230000000000000000e+02 2.880000000000000000e+02
2.230000000000000000e+02 3.120000000000000000e+02
2.230000000000000000e+02 3.360000000000000000e+02
2.230000000000000000e+02 3.600000000000000000e+02
2.230000000000000000e+02 3.840000000000000000e+02
2.230000000000000000e+02 4.080000000000000000e+02
2.230000000000000000e+02 4.320000000000000000e+02
2.230000000000000000e+02 4.560000000000000000e+02
2.350000000000000000e+02 1.200000000000000000e+01
2.350000000000000000e+02 3.600000000000000000e+01
2.350000000000000000e+02 6.000000000000000000e+01
2.350000000000000000e+02 8.400000000000000000e+01
2.350000000000000000e+02 1.080000000000000000e+02
2.350000000000000000e+02 1.320000000000000000e+02
2.350000000000000000e+02 1.560000000000000000e+02
2.350000000000000000e+02 1.800000000000000000e+02
2.350000000000000000e+02 2.040000000000000000e+02
2.350000000000000000e+02 2.280000000000000000e+02
2.350000000000000000e+02 2.520000000000000000e+02
2.350000000000000000e+02 2.760000000000000000e+02
2.350000000000000000e+02 3.000000000000000000e+02
2.350000000000000000e+02 3.240000000000000000e+02
2.350000000000000000e+02 3.480000000000000000e+02
2.350000000000000000e+02 3.720000000000000000e+02
2.350000000000000000e+02 3.960000000000000000e+02
2.350000000000000000e+02 4.200000000000000000e+02
2.350000000000000000e+02 4.440000000000000000e+02
2.470000000000000000e+02 2.400000000000000000e+01
2.470000000000000000e+02 4.800000000000000000e+01
2.470000000000000000e+02 7.200000000000000000e+01
2.470000000000000000e+02 9.600000000000000000e+01
2.470000000000000000e+02 1.200000000000000000e+02
2.470000000000000000e+02 1.440000000000000000e+02
2.470000000000000000e+02 1.680000000000000000e+02
2.470000000000000000e+02 1.920000000000000000e+02
2.470000000000000000e+02 2.160000000000000000e+02
2.470000000000000000e+02 2.400000000000000000e+02
2.470000000000000000e+02 2.640000000000000000e+02
2.470000000000000000e+02 2.880000000000000000e+02
2.470000000000000000e+02 3.120000000000000000e+02
2.470000000000000000e+02 3.360000000000000000e+02
2.470000000000000000e+02 3.600000000000000000e+02
2.470000000000000000e+02 3.840000000000000000e+02
2.470000000000000000e+02 4.080000000000000000e+02
2.470000000000000000e+02 4.320000000000000000e+02
2.470000000000000000e+02 4.560000000000000000e+02
2.590000000000000000e+02 1.200000000000000000e+01
2.590000000000000000e+02 3.600000000000000000e+01
2.590000000000000000e+02 6.000000000000000000e+01
2.590000000000000000e+02 8.400000000000000000e+01
2.590000000000000000e+02 1.080000000000000000e+02
2.590000000000000000e+02 1.320000000000000000e+02
2.590000000000000000e+02 1.560000000000000000e+02
2.590000000000000000e+02 1.800000000000000000e+02
2.590000000000000000e+02 2.040000000000000000e+02
2.590000000000000000e+02 2.280000000000000000e+02
2.590000000000000000e+02 2.520000000000000000e+02
2.590000000000000000e+02 2.760000000000000000e+02
2.590000000000000000e+02 3.000000000000000000e+02
2.590000000000000000e+02 3.240000000000000000e+02
2.590000000000000000e+02 3.480000000000000000e+02
2.590000000000000000e+02 3.720000000000000000e+02
2.590000000000000000e+02 3.960000000000000000e+02
2.590000000000000000e+02 4.200000000000000000e+02
2.590000000000000000e+02 4.440000000000000000e+02
2.710000000000000000e+02 2.400000000000000000e+01
2.710000000000000000e+02 4.800000000000000000e+01
2.710000000000000000e+02 7.200000000000000000e+01
2.710000000000000000e+02 9.600000000000000000e+01
2.710000000000000000e+02 1.200000000000000000e+02
2.710000000000000000e+02 1.440000000000000000e+02
2.710000000000000000e+02 1.680000000000000000e+02
2.710000000000000000e+02 1.920000000000000000e+02
2.710000000000000000e+02 2.160000000000000000e+02
2.710000000000000000e+02 2.400000000000000000e+02
2.710000000000000000e+02 2.640000000000000000e+02
2.710000000000000000e+02 2.880000000000000000e+02
2.710000000000000000e+02 3.120000000000000000e+02
2.710000000000000000e+02 3.360000000000000000e+02
2.710000000000000000e+02 3.600000000000000000e+02
2.710000000000000000e+02 3.840000000000000000e+02
2.710000000000000000e+02 4.080000000000000000e+02
2.710000000000000000e+02 4.320000000000000000e+02
2.710000000000000000e+02 4.560000000000000000e+02
2.830000000000000000e+02 1.200000000000000000e+01
2.830000000000000000e+02 3.600000000000000000e+01
2.830000000000000000e+02 6.000000000000000000e+01
2.830000000000000000e+02 8.400000000000000000e+01
2.830000000000000000e+02 1.080000000000000000e+02
2.830000000000000000e+02 1.320000000000000000e+02
2.830000000000000000e+02 1.560000000000000000e+02
2.830000000000000000e+02 1.800000000000000000e+02
2.830000000000000000e+02 2.040000000000000000e+02
2.830000000000000000e+02 2.280000000000000000e+02
2.830000000000000000e+02 2.520000000000000000e+02
2.830000000000000000e+02 2.760000000000000000e+02
2.830000000000000000e+02 3.000000000000000000e+02
2.830000000000000000e+02 3.240000000000000000e+02
2.830000000000000000e+02 3.480000000000000000e+02
2.830000000000000000e+02 3.720000000000000000e+02
2.830000000000000000e+02 3.960000000000000000e+02
2.830000000000000000e+02 4.200000000000000000e+02
2.830000000000000000e+02 4.440000000000000000e+02
2.950000000000000000e+02 2.400000000000000000e+01
2.950000000000000000e+02 4.800000000000000000e+01
2.950000000000000000e+02 7.200000000000000000e+01
2.950000000000000000e+02 9.600000000000000000e+01
2.950000000000000000e+02 1.200000000000000000e+02
2.950000000000000000e+02 1.440000000000000000e+02
2.950000000000000000e+02 1.680000000000000000e+02
2.950000000000000000e+02 1.920000000000000000e+02
2.950000000000000000e+02 2.160000000000000000e+02
2.950000000000000000e+02 2.400000000000000000e+02
2.950000000000000000e+02 2.640000000000000000e+02
2.950000000000000000e+02 2.880000000000000000e+02
2.950000000000000000e+02 3.120000000000000000e+02
2.950000000000000000e+02 3.360000000000000000e+02
2.950000000000000000e+02 3.600000000000000000e+02
2.950000000000000000e+02 3.840000000000000000e+02
2.950000000000000000e+02 4.080000000000000000e+02
2.950000000000000000e+02 4.320000000000000000e+02
2.950000000000000000e+02 4.560000000000000000e+02
3.070000000000000000e+02 1.200000000000000000e+01
3.070000000000000000e+02 3.600000000000000000e+01
3.070000000000000000e+02 6.000000000000000000e+01
3.070000000000000000e+02 8.400000000000000000e+01
3.070000000000000000e+02 1.080000000000000000e+02
3.070000000000000000e+02 1.320000000000000000e+02
3.070000000000000000e+02 1.560000000000000000e+02
3.070000000000000000e+02 1.800000000000000000e+02
3.070000000000000000e+02 2.040000000000000000e+02
3.070000000000000000e+02 2.280000000000000000e+02
3.070000000000000000e+02 2.520000000000000000e+02
3.070000000000000000e+02 2.760000000000000000e+02
3.070000000000000000e+02 3.000000000000000000e+02
3.070000000000000000e+02 3.240000000000000000e+02
3.070000000000000000e+02 3.480000000000000000e+02
3.070000000000000000e+02 3.720000000000000000e+02
3.070000000000000000e+02 3.960000000000000000e+02
3.070000000000000000e+02 4.200000000000000000e+02
3.070000000000000000e+02 4.440000000000000000e+02
3.190000000000000000e+02 2.400000000000000000e+01
3.190000000000000000e+02 4.800000000000000000e+01
3.190000000000000000e+02 7.200000000000000000e+01
3.190000000000000000e+02 9.600000000000000000e+01
3.190000000000000000e+02 1.200000000000000000e+02
3.190000000000000000e+02 1.440000000000000000e+02
3.190000000000000000e+02 1.680000000000000000e+02
3.190000000000000000e+02 1.920000000000000000e+02
3.190000000000000000e+02 2.160000000000000000e+02
3.190000000000000000e+02 2.400000000000000000e+02
3.190000000000000000e+02 2.640000000000000000e+02
3.190000000000000000e+02 2.880000000000000000e+02
3.190000000000000000e+02 3.120000000000000000e+02
3.190000000000000000e+02 3.360000000000000000e+02
3.190000000000000000e+02 3.600000000000000000e+02
3.190000000000000000e+02 3.840000000000000000e+02
3.190000000000000000e+02 4.080000000000000000e+02
3.190000000000000000e+02 4.320000000000000000e+02
3.190000000000000000e+02 4.560000000000000000e+02
3.310000000000000000e+02 1.200000000000000000e+01
3.310000000000000000e+02 3.600000000000000000e+01
3.310000000000000000e+02 6.000000000000000000e+01
3.310000000000000000e+02 8.400000000000000000e+01
3.310000000000000000e+02 1.080000000000000000e+02
3.310000000000000000e+02 1.320000000000000000e+02
3.310000000000000000e+02 1.560000000000000000e+02
3.310000000000000000e+02 1.800000000000000000e+02
3.310000000000000000e+02 2.040000000000000000e+02
3.310000000000000000e+02 2.280000000000000000e+02
3.310000000000000000e+02 2.520000000000000000e+02
3.310000000000000000e+02 2.760000000000000000e+02
3.310000000000000000e+02 3.000000000000000000e+02
3.310000000000000000e+02 3.240000000000000000e+02
3.310000000000000000e+02 3.480000000000000000e+02
3.310000000000000000e+02 3.720000000000000000e+02
3.310000000000000000e+02 3.960000000000000000e+02
3.310000000000000000e+02 4.200000000000000000e+02
3.310000000000000000e+02 4.440000000000000000e+02
3.430000000000000000e+02 2.400000000000000000e+01
3.430000000000000000e+02 4.800000000000000000e+01
3.430000000000000000e+02 7.200000000000000000e+01
3.430000000000000000e+02 9.600000000000000000e+01
3.430000000000000000e+02 1.200000000000000000e+02
3.430000000000000000e+02 1.440000000000000000e+02
3.430000000000000000e+02 1.680000000000000000e+02
0.000000000000000000e+00 0.000000000000000000e+00
3.430000000000000000e+02 2.160000000000000000e+02
3.430000000000000000e+02 2.400000000000000000e+02
3.430000000000000000e+02 2.640000000000000000e+02
0.000000000000000000e+00 0.000000000000000000e+00
3.430000000000000000e+02 3.120000000000000000e+02
3.430000000000000000e+02 3.360000000000000000e+02
3.430000000000000000e+02 3.600000000000000000e+02
3.430000000000000000e+02 3.840000000000000000e+02
3.430000000000000000e+02 4.080000000000000000e+02
3.430000000000000000e+02 4.320000000000000000e+02
3.430000000000000000e+02 4.560000000000000000e+02
3.550000000000000000e+02 1.200000000000000000e+01
3.550000000000000000e+02 3.600000000000000000e+01
3.550000000000000000e+02 6.000000000000000000e+01
3.550000000000000000e+02 8.400000000000000000e+01
3.550000000000000000e+02 1.080000000000000000e+02
3.550000000000000000e+02 1.320000000000000000e+02
3.550000000000000000e+02 1.560000000000000000e+02
0.000000000000000000e+00 0.000000000000000000e+00
0.000000000000000000e+00 0.000000000000000000e+00
3.550000000000000000e+02 2.280000000000000000e+02
3.550000000000000000e+02 2.520000000000000000e+02
0.000000000000000000e+00 0.000000000000000000e+00
0.000000000000000000e+00 0.000000000000000000e+00
3.550000000000000000e+02 3.240000000000000000e+02
3.550000000000000000e+02 3.480000000000000000e+02
3.550000000000000000e+02 3.720000000000000000e+02
3.550000000000000000e+02 3.960000000000000000e+02
3.550000000000000000e+02 4.200000000000000000e+02
3.550000000000000000e+02 4.440000000000000000e+02
3.670000000000000000e+02 2.400000000000000000e+01
3.670000000000000000e+02 4.800000000000000000e+01
3.670000000000000000e+02 7.200000000000000000e+01
3.670000000000000000e+02 9.600000000000000000e+01
3.670000000000000000e+02 1.200000000000000000e+02
3.670000000000000000e+02 1.440000000000000000e+02
3.670000000000000000e+02 1.680000000000000000e+02
0.000000000000000000e+00 0.000000000000000000e+00
3.670000000000000000e+02 2.160000000000000000e+02
3.670000000000000000e+02 2.400000000000000000e+02
3.670000000000000000e+02 2.640000000000000000e+02
0.000000000000000000e+00 0.000000000000000000e+00
3.670000000000000000e+02 3.120000000000000000e+02
3.670000000000000000e+02 3.360000000000000000e+02
3.670000000000000000e+02 3.600000000000000000e+02
3.670000000000000000e+02 3.840000000000000000e+02
3.670000000000000000e+02 4.080000000000000000e+02
3.670000000000000000e+02 4.320000000000000000e+02
3.670000000000000000e+02 4.560000000000000000e+02
3.790000000000000000e+02 1.200000000000000000e+01
3.790000000000000000e+02 3.600000000000000000e+01
3.790000000000000000e+02 6.000000000000000000e+01
3.790000000000000000e+02 8.400000000000000000e+01
3.790000000000000000e+02 1.080000000000000000e+02
3.790000000000000000e+02 1.320000000000000000e+02
3.790000000000000000e+02 1.560000000000000000e+02
3.790000000000000000e+02 1.800000000000000000e+02
3.790000000000000000e+02 2.040000000000000000e+02
3.790000000000000000e+02 2.280000000000000000e+02
3.790000000000000000e+02 2.520000000000000000e+02
3.790000000000000000e+02 2.760000000000000000e+02
3.790000000000000000e+02 3.000000000000000000e+02
3.790000000000000000e+02 3.240000000000000000e+02
3.790000000000000000e+02 3.480000000000000000e+02
3.790000000000000000e+02 3.720000000000000000e+02
3.790000000000000000e+02 3.960000000000000000e+02
3.790000000000000000e+02 4.200000000000000000e+02
3.790000000000000000e+02 4.440000000000000000e+02
3.910000000000000000e+02 2.400000000000000000e+01
3.910000000000000000e+02 4.800000000000000000e+01
3.910000000000000000e+02 7.200000000000000000e+01
3.910000000000000000e+02 9.600000000000000000e+01
3.910000000000000000e+02 1.200000000000000000e+02
3.910000000000000000e+02 1.440000000000000000e+02
3.910000000000000000e+02 1.680000000000000000e+02
3.910000000000000000e+02 1.920000000000000000e+02
3.910000000000000000e+02 2.160000000000000000e+02
3.910000000000000000e+02 2.400000000000000000e+02
3.910000000000000000e+02 2.640000000000000000e+02
3.910000000000000000e+02 2.880000000000000000e+02
3.910000000000000000e+02 3.120000000000000000e+02
3.910000000000000000e+02 3.360000000000000000e+02
3.910000000000000000e+02 3.600000000000000000e+02
3.910000000000000000e+02 3.840000000000000000e+02
3.910000000000000000e+02 4.080000000000000000e+02
3.910000000000000000e+02 4.320000000000000000e+02
3.910000000000000000e+02 4.560000000000000000e+02
4.030000000000000000e+02 1.200000000000000000e+01
4.030000000000000000e+02 3.600000000000000000e+01
4.030000000000000000e+02 6.000000000000000000e+01
4.030000000000000000e+02 8.400000000000000000e+01
4.030000000000000000e+02 1.080000000000000000e+02
4.030000000000000000e+02 1.320000000000000000e+02
4.030000000000000000e+02 1.560000000000000000e+02
4.030000000000000000e+02 1.800000000000000000e+02
4.030000000000000000e+02 2.040000000000000000e+02
4.030000000000000000e+02 2.280000000000000000e+02
4.030000000000000000e+02 2.520000000000000000e+02
4.030000000000000000e+02 2.760000000000000000e+02
4.030000000000000000e+02 3.000000000000000000e+02
4.030000000000000000e+02 3.240000000000000000e+02
4.030000000000000000e+02 3.480000000000000000e+02
4.030000000000000000e+02 3.720000000000000000e+02
4.030000000000000000e+02 3.960000000000000000e+02
4.030000000000000000e+02 4.200000000000000000e+02
4.030000000000000000e+02 4.440000000000000000e+02
4.150000000000000000e+02 2.400000000000000000e+01
4.150000000000000000e+02 4.800000000000000000e+01
4.150000000000000000e+02 7.200000000000000000e+01
4.150000000000000000e+02 9.600000000000000000e+01
4.150000000000000000e+02 1.200000000000000000e+02
4.150000000000000000e+02 1.440000000000000000e+02
4.150000000000000000e+02 1.680000000000000000e+02
4.150000000000000000e+02 1.920000000000000000e+02
4.150000000000000000e+02 2.160000000000000000e+02
4.150000000000000000e+02 2.400000000000000000e+02
4.150000000000000000e+02 2.640000000000000000e+02
4.150000000000000000e+02 2.880000000000000000e+02
4.150000000000000000e+02 3.120000000000000000e+02
4.150000000000000000e+02 3.360000000000000000e+02
4.150000000000000000e+02 3.600000000000000000e+02
4.150000000000000000e+02 3.840000000000000000e+02
4.150000000000000000e+02 4.080000000000000000e+02
4.150000000000000000e+02 4.320000000000000000e+02
4.150000000000000000e+02 4.560000000000000000e+02
4.270000000000000000e+02 1.200000000000000000e+01
4.270000000000000000e+02 3.600000000000000000e+01
4.270000000000000000e+02 6.000000000000000000e+01
4.270000000000000000e+02 8.400000000000000000e+01
4.270000000000000000e+02 1.080000000000000000e+02
4.270000000000000000e+02 1.320000000000000000e+02
4.270000000000000000e+02 1.560000000000000000e+02
4.270000000000000000e+02 1.800000000000000000e+02
4.270000000000000000e+02 2.040000000000000000e+02
4.270000000000000000e+02 2.280000000000000000e+02
4.270000000000000000e+02 2.520000000000000000e+02
4.270000000000000000e+02 2.760000000000000000e+02
4.270000000000000000e+02 3.000000000000000000e+02
4.270000000000000000e+02 3.240000000000000000e+02
4.270000000000000000e+02 3.480000000000000000e+02
4.270000000000000000e+02 3.720000000000000000e+02
4.270000000000000000e+02 3.960000000000000000e+02
4.270000000000000000e+02 4.200000000000000000e+02
4.270000000000000000e+02 4.440000000000000000e+02
4.390000000000000000e+02 2.400000000000000000e+01
4.390000000000000000e+02 4.800000000000000000e+01
4.390000000000000000e+02 7.200000000000000000e+01
4.390000000000000000e+02 9.600000000000000000e+01
4.390000000000000000e+02 1.200000000000000000e+02
4.390000000000000000e+02 1.440000000000000000e+02
4.390000000000000000e+02 1.680000000000000000e+02
4.390000000000000000e+02 1.920000000000000000e+02
4.390000000000000000e+02 2.160000000000000000e+02
4.390000000000000000e+02 2.400000000000000000e+02
4.390000000000000000e+02 2.640000000000000000e+02
4.390000000000000000e+02 2.880000000000000000e+02
4.390000000000000000e+02 3.120000000000000000e+02
4.390000000000000000e+02 3.360000000000000000e+02
4.390000000000000000e+02 3.600000000000000000e+02
4.390000000000000000e+02 3.840000000000000000e+02
4.390000000000000000e+02 4.080000000000000000e+02
4.390000000000000000e+02 4.320000000000000000e+02
4.390000000000000000e+02 4.560000000000000000e+02
4.510000000000000000e+02 1.200000000000000000e+01
4.510000000000000000e+02 3.600000000000000000e+01
4.510000000000000000e+02 6.000000000000000000e+01
4.510000000000000000e+02 8.400000000000000000e+01
4.510000000000000000e+02 1.080000000000000000e+02
4.510000000000000000e+02 1.320000000000000000e+02
4.510000000000000000e+02 1.560000000000000000e+02
4.510000000000000000e+02 1.800000000000000000e+02
4.510000000000000000e+02 2.040000000000000000e+02
4.510000000000000000e+02 2.280000000000000000e+02
4.510000000000000000e+02 2.520000000000000000e+02
4.510000000000000000e+02 2.760000000000000000e+02
4.510000000000000000e+02 3.000000000000000000e+02
4.510000000000000000e+02 3.240000000000000000e+02
4.510000000000000000e+02 3.480000000000000000e+02
4.510000000000000000e+02 3.720000000000000000e+02
4.510000000000000000e+02 3.960000000000000000e+02
4.510000000000000000e+02 4.200000000000000000e+02
4.510000000000000000e+02 4.440000000000000000e+02
4.630000000000000000e+02 2.400000000000000000e+01
4.630000000000000000e+02 4.800000000000000000e+01
4.630000000000000000e+02 7.200000000000000000e+01
4.630000000000000000e+02 9.600000000000000000e+01
4.630000000000000000e+02 1.200000000000000000e+02
4.630000000000000000e+02 1.440000000000000000e+02
4.630000000000000000e+02 1.680000000000000000e+02
4.630000000000000000e+02 1.920000000000000000e+02
4.630000000000000000e+02 2.160000000000000000e+02
4.630000000000000000e+02 2.400000000000000000e+02
4.630000000000000000e+02 2.640000000000000000e+02
4.630000000000000000e+02 2.880000000000000000e+02
4.630000000000000000e+02 3.120000000000000000e+02
4.630000000000000000e+02 3.360000000000000000e+02
4.630000000000000000e+02 3.600000000000000000e+02
4.630000000000000000e+02 3.840000000000000000e+02
4.630000000000000000e+02 4.080000000000000000e+02
4.630000000000000000e+02 4.320000000000000000e+02
4.630000000000000000e+02 4.560000000000000000e+02
4.750000000000000000e+02 1.200000000000000000e+01
4.750000000000000000e+02 3.600000000000000000e+01
4.750000000000000000e+02 6.000000000000000000e+01
4.750000000000000000e+02 8.400000000000000000e+01
4.750000000000000000e+02 1.080000000000000000e+02
4.750000000000000000e+02 1.320000000000000000e+02
4.750000000000000000e+02 1.560000000000000000e+02
4.750000000000000000e+02 1.800000000000000000e+02
4.750000000000000000e+02 2.040000000000000000e+02
4.750000000000000000e+02 2.280000000000000000e+02
4.750000000000000000e+02 2.520000000000000000e+02
4.750000000000000000e+02 2.760000000000000000e+02
4.750000000000000000e+02 3.000000000000000000e+02
4.750000000000000000e+02 3.240000000000000000e+02
4.750000000000000000e+02 3.480000000000000000e+02
4.750000000000000000e+02 3.720000000000000000e+02
4.750000000000000000e+02 3.960000000000000000e+02
4.750000000000000000e+02 4.200000000000000000e+02
4.750000000000000000e+02 4.440000000000000000e+02
4.870000000000000000e+02 2.400000000000000000e+01
4.870000000000000000e+02 4.800000000000000000e+01
4.870000000000000000e+02 7.200000000000000000e+01
4.870000000000000000e+02 9.600000000000000000e+01
4.870000000000000000e+02 1.200000000000000000e+02
4.870000000000000000e+02 1.440000000000000000e+02
4.870000000000000000e+02 1.680000000000000000e+02
0.000000000000000000e+00 0.000000000000000000e+00
4.870000000000000000e+02 2.160000000000000000e+02
4.870000000000000000e+02 2.400000000000000000e+02
4.870000000000000000e+02 2.640000000000000000e+02
0.000000000000000000e+00 0.000000000000000000e+00
4.870000000000000000e+02 3.120000000000000000e+02
4.870000000000000000e+02 3.360000000000000000e+02
4.870000000000000000e+02 3.600000000000000000e+02
4.870000000000000000e+02 3.840000000000000000e+02
4.870000000000000000e+02 4.080000000000000000e+02
4.870000000000000000e+02 4.320000000000000000e+02
4.870000000000000000e+02 4.560000000000000000e+02
4.990000000000000000e+02 1.200000000000000000e+01
4.990000000000000000e+02 3.600000000000000000e+01
4.990000000000000000e+02 6.000000000000000000e+01
4.990000000000000000e+02 8.400000000000000000e+01
4.990000000000000000e+02 1.080000000000000000e+02
4.990000000000000000e+02 1.320000000000000000e+02
4.990000000000000000e+02 1.560000000000000000e+02
0.000000000000000000e+00 0.000000000000000000e+00
0.000000000000000000e+00 0.000000000000000000e+00
4.990000000000000000e+02 2.280000000000000000e+02
4.990000000000000000e+02 2.520000000000000000e+02
0.000000000000000000e+00 0.000000000000000000e+00
0.000000000000000000e+00 0.000000000000000000e+00
4.990000000000000000e+02 3.240000000000000000e+02
4.990000000000000000e+02 3.480000000000000000e+02
4.990000000000000000e+02 3.720000000000000000e+02
4.990000000000000000e+02 3.960000000000000000e+02
4.990000000000000000e+02 4.200000000000000000e+02
4.990000000000000000e+02 4.440000000000000000e+02
5.110000000000000000e+02 2.400000000000000000e+01
5.110000000000000000e+02 4.800000000000000000e+01
5.110000000000000000e+02 7.200000000000000000e+01
5.110000000000000000e+02 9.600000000000000000e+01
5.110000000000000000e+02 1.200000000000000000e+02
5.110000000000000000e+02 1.440000000000000000e+02
5.110000000000000000e+02 1.680000000000000000e+02
0.000000000000000000e+00 0.000000000000000000e+00
5.110000000000000000e+02 2.160000000000000000e+02
5.110000000000000000e+02 2.400000000000000000e+02
5.110000000000000000e+02 2.640000000000000000e+02
0.000000000000000000e+00 0.000000000000000000e+00
5.110000000000000000e+02 3.120000000000000000e+02
5.110000000000000000e+02 3.360000000000000000e+02
5.110000000000000000e+02 3.600000000000000000e+02
5.110000000000000000e+02 3.840000000000000000e+02
5.110000000000000000e+02 4.080000000000000000e+02
5.110000000000000000e+02 4.320000000000000000e+02
5.110000000000000000e+02 4.560000000000000000e+02
5.230000000000000000e+02 1.200000000000000000e+01
5.230000000000000000e+02 3.600000000000000000e+01
5.230000000000000000e+02 6.000000000000000000e+01
5.230000000000000000e+02 8.400000000000000000e+01
5.230000000000000000e+02 1.080000000000000000e+02
5.230000000000000000e+02 1.320000000000000000e+02
5.230000000000000000e+02 1.560000000000000000e+02
5.230000000000000000e+02 1.800000000000000000e+02
5.230000000000000000e+02 2.040000000000000000e+02
5.230000000000000000e+02 2.280000000000000000e+02
5.230000000000000000e+02 2.520000000000000000e+02
5.230000000000000000e+02 2.760000000000000000e+02
5.230000000000000000e+02 3.000000000000000000e+02
5.230000000000000000e+02 3.240000000000000000e+02
5.230000000000000000e+02 3.480000000000000000e+02
5.230000000000000000e+02 3.720000000000000000e+02
5.230000000000000000e+02 3.960000000000000000e+02
5.230000000000000000e+02 4.200000000000000000e+02
5.230000000000000000e+02 4.440000000000000000e+02
5.350000000000000000e+02 2.400000000000000000e+01
5.350000000000000000e+02 4.800000000000000000e+01
5.350000000000000000e+02 7.200000000000000000e+01
5.350000000000000000e+02 9.600000000000000000e+01
5.350000000000000000e+02 1.200000000000000000e+02
5.350000000000000000e+02 1.440000000000000000e+02
5.350000000000000000e+02 1.680000000000000000e+02
5.350000000000000000e+02 1.920000000000000000e+02
5.350000000000000000e+02 2.160000000000000000e+02
5.350000000000000000e+02 2.400000000000000000e+02
5.350000000000000000e+02 2.640000000000000000e+02
5.350000000000000000e+02 2.880000000000000000e+02
5.350000000000000000e+02 3.120000000000000000e+02
5.350000000000000000e+02 3.360000000000000000e+02
5.350000000000000000e+02 3.600000000000000000e+02
5.350000000000000000e+02 3.840000000000000000e+02
5.350000000000000000e+02 4.080000000000000000e+02
5.350000000000000000e+02 4.320000000000000000e+02
5.350000000000000000e+02 4.560000000000000000e+02
5.470000000000000000e+02 1.200000000000000000e+01
5.470000000000000000e+02 3.600000000000000000e+01
5.470000000000000000e+02 6.000000000000000000e+01
5.470000000000000000e+02 8.400000000000000000e+01
5.470000000000000000e+02 1.080000000000000000e+02
5.470000000000000000e+02 1.320000000000000000e+02
5.470000000000000000e+02 1.560000000000000000e+02
5.470000000000000000e+02 1.800000000000000000e+02
5.470000000000000000e+02 2.040000000000000000e+02
5.470000000000000000e+02 2.280000000000000000e+02
5.470000000000000000e+02 2.520000000000000000e+02
5.470000000000000000e+02 2.760000000000000000e+02
5.470000000000000000e+02 3.000000000000000000e+02
5.470000000000000000e+02 3.240000000000000000e+02
5.470000000000000000e+02 3.480000000000000000e+02
5.470000000000000000e+02 3.720000000000000000e+02
5.470000000000000000e+02 3.960000000000000000e+02
5.470000000000000000e+02 4.200000000000000000e+02
5.470000000000000000e+02 4.440000000000000000e+02
5.590000000000000000e+02 2.400000000000000000e+01
5.590000000000000000e+02 4.800000000000000000e+01
5.590000000000000000e+02 7.200000000000000000e+01
5.590000000000000000e+02 9.600000000000000000e+01
5.590000000000000000e+02 1.200000000000000000e+02
5.590000000000000000e+02 1.440000000000000000e+02
5.590000000000000000e+02 1.680000000000000000e+02
5.590000000000000000e+02 1.920000000000000000e+02
5.590000000000000000e+02 2.160000000000000000e+02
5.590000000000000000e+02 2.400000000000000000e+02
5.590000000000000000e+02 2.640000000000000000e+02
5.590000000000000000e+02 2.880000000000000000e+02
5.590000000000000000e+02 3.120000000000000000e+02
5.590000000000000000e+02 3.360000000000000000e+02
5.590000000000000000e+02 3.600000000000000000e+02
5.590000000000000000e+02 3.840000000000000000e+02
5.590000000000000000e+02 4.080000000000000000e+02
5.590000000000000000e+02 4.320000000000000000e+02
5.590000000000000000e+02 4.560000000000000000e+02
5.710000000000000000e+02 1.200000000000000000e+01
5.710000000000000000e+02 3.600000000000000000e+01
5.710000000000000000e+02 6.000000000000000000e+01
5.710000000000000000e+02 8.400000000000000000e+01
5.710000000000000000e+02 1.080000000000000000e+02
5.710000000000000000e+02 1.320000000000000000e+02
5.710000000000000000e+02 1.560000000000000000e+02
5.710000000000000000e+02 1.800000000000000000e+02
5.710000000000000000e+02 2.040000000000000000e+02
5.710000000000000000e+02 2.280000000000000000e+02
5.710000000000000000e+02 2.520000000000000000e+02
5.710000000000000000e+02 2.760000000000000000e+02
5.710000000000000000e+02 3.000000000000000000e+02
5.710000000000000000e+02 3.240000000000000000e+02
5.710000000000000000e+02 3.480000000000000000e+02
5.710000000000000000e+02 3.720000000000000000e+02
5.710000000000000000e+02 3.960000000000000000e+02
5.710000000000000000e+02 4.200000000000000000e+02
5.710000000000000000e+02 4.440000000000000000e+02
5.830000000000000000e+02 2.400000000000000000e+01
5.830000000000000000e+02 4.800000000000000000e+01
5.830000000000000000e+02 7.200000000000000000e+01
5.830000000000000000e+02 9.600000000000000000e+01
5.830000000000000000e+02 1.200000000000000000e+02
5.830000000000000000e+02 1.440000000000000000e+02
5.830000000000000000e+02 1.680000000000000000e+02
5.830000000000000000e+02 1.920000000000000000e+02
5.830000000000000000e+02 2.160000000000000000e+02
5.830000000000000000e+02 2.400000000000000000e+02
5.830000000000000000e+02 2.640000000000000000e+02
5.830000000000000000e+02 2.880000000000000000e+02
5.830000000000000000e+02 3.120000000000000000e+02
5.830000000000000000e+02 3.360000000000000000e+02
5.830000000000000000e+02 3.600000000000000000e+02
5.830000000000000000e+02 3.840000000000000000e+02
5.830000000000000000e+02 4.080000000000000000e+02
5.830000000000000000e+02 4.320000000000000000e+02
5.830000000000000000e+02 4.560000000000000000e+02
5.950000000000000000e+02 1.200000000000000000e+01
5.950000000000000000e+02 3.600000000000000000e+01
5.950000000000000000e+02 6.000000000000000000e+01
5.950000000000000000e+02 8.400000000000000000e+01
5.950000000000000000e+02 1.080000000000000000e+02
5.950000000000000000e+02 1.320000000000000000e+02
5.950000000000000000e+02 1.560000000000000000e+02
5.950000000000000000e+02 1.800000000000000000e+02
5.950000000000000000e+02 2.040000000000000000e+02
5.950000000000000000e+02 2.280000000000000000e+02
5.950000000000000000e+02 2.520000000000000000e+02
5.950000000000000000e+02 2.760000000000000000e+02
5.950000000000000000e+02 3.000000000000000000e+02
5.950000000000000000e+02 3.240000000000000000e+02
5.950000000000000000e+02 3.480000000000000000e+02
5.950000000000000000e+02 3.720000000000000000e+02
5.950000000000000000e+02 3.960000000000000000e+02
5.950000000000000000e+02 4.200000000000000000e+02
5.950000000000000000e+02 4.440000000000000000e+02
6.070000000000000000e+02 2.400000000000000000e+01
6.070000000000000000e+02 4.800000000000000000e+01
6.070000000000000000e+02 7.200000000000000000e+01
6.070000000000000000e+02 9.600000000000000000e+01
6.070000000000000000e+02 1.200000000000000000e+02
6.070000000000000000e+02 1.440000000000000000e+02
6.070000000000000000e+02 1.680000000000000000e+02
6.070000000000000000e+02 1.920000000000000000e+02
6.070000000000000000e+02 2.160000000000000000e+02
6.070000000000000000e+02 2.400000000000000000e+02
6.070000000000000000e+02 2.640000000000000000e+02
6.070000000000000000e+02 2.880000000000000000e+02
6.070000000000000000e+02 3.120000000000000000e+02
6.070000000000000000e+02 3.360000000000000000e+02
6.070000000000000000e+02 3.600000000000000000e+02
6.070000000000000000e+02 3.840000000000000000e+02
6.070000000000000000e+02 4.080000000000000000e+02
6.070000000000000000e+02 4.320000000000000000e+02
6.070000000000000000e+02 4.560000000000000000e+02
6.190000000000000000e+02 1.200000000000000000e+01
6.190000000000000000e+02 3.600000000000000000e+01
6.190000000000000000e+02 6.000000000000000000e+01
6.190000000000000000e+02 8.400000000000000000e+01
6.190000000000000000e+02 1.080000000000000000e+02
6.190000000000000000e+02 1.320000000000000000e+02
6.190000000000000000e+02 1.560000000000000000e+02
6.190000000000000000e+02 1.800000000000000000e+02
6.190000000000000000e+02 2.040000000000000000e+02
6.190000000000000000e+02 2.280000000000000000e+02
6.190000000000000000e+02 2.520000000000000000e+02
6.190000000000000000e+02 2.760000000000000000e+02
6.190000000000000000e+02 3.000000000000000000e+02
6.190000000000000000e+02 3.240000000000000000e+02
6.190000000000000000e+02 3.480000000000000000e+02
6.190000000000000000e+02 3.720000000000000000e+02
6.190000000000000000e+02 3.960000000000000000e+02
6.190000000000000000e+02 4.200000000000000000e+02
6.190000000000000000e+02 4.440000000000000000e+02
6.310000000000000000e+02 2.400000000000000000e+01
6.310000000000000000e+02 4.800000000000000000e+01
6.310000000000000000e+02 7.200000000000000000e+01
6.310000000000000000e+02 9.600000000000000000e+01
6.310000000000000000e+02 1.200000000000000000e+02
6.310000000000000000e+02 1.440000000000000000e+02
6.310000000000000000e+02 1.680000000000000000e+02
6.310000000000000000e+02 1.920000000000000000e+02
6.310000000000000000e+02 2.160000000000000000e+02
6.310000000000000000e+02 2.400000000000000000e+02
6.310000000000000000e+02 2.640000000000000000e+02
6.310000000000000000e+02 2.880000000000000000e+02
6.310000000000000000e+02 3.120000000000000000e+02
6.310000000000000000e+02 3.360000000000000000e+02
6.310000000000000000e+02 3.600000000000000000e+02
6.310000000000000000e+02 3.840000000000000000e+02
6.310000000000000000e+02 4.080000000000000000e+02
6.310000000000000000e+02 4.320000000000000000e+02
6.310000000000000000e+02 4.560000000000000000e+02
6.430000000000000000e+02 1.200000000000000000e+01
6.430000000000000000e+02 3.600000000000000000e+01
6.430000000000000000e+02 6.000000000000000000e+01
6.430000000000000000e+02 8.400000000000000000e+01
6.430000000000000000e+02 1.080000000000000000e+02
6.430000000000000000e+02 1.320000000000000000e+02
6.430000000000000000e+02 1.560000000000000000e+02
6.430000000000000000e+02 1.800000000000000000e+02
6.430000000000000000e+02 2.040000000000000000e+02
6.430000000000000000e+02 2.280000000000000000e+02
6.430000000000000000e+02 2.520000000000000000e+02
6.430000000000000000e+02 2.760000000000000000e+02
6.430000000000000000e+02 3.000000000000000000e+02
6.430000000000000000e+02 3.240000000000000000e+02
6.430000000000000000e+02 3.480000000000000000e+02
6.430000000000000000e+02 3.720000000000000000e+02
6.430000000000000000e+02 3.960000000000000000e+02
6.430000000000000000e+02 4.200000000000000000e+02
6.430000000000000000e+02 4.440000000000000000e+02
6.550000000000000000e+02 2.400000000000000000e+01
6.550000000000000000e+02 4.800000000000000000e+01
6.550000000000000000e+02 7.200000000000000000e+01
6.550000000000000000e+02 9.600000000000000000e+01
6.550000000000000000e+02 1.200000000000000000e+02
6.550000000000000000e+02 1.440000000000000000e+02
6.550000000000000000e+02 1.680000000000000000e+02
6.550000000000000000e+02 1.920000000000000000e+02
6.550000000000000000e+02 2.160000000000000000e+02
6.550000000000000000e+02 2.400000000000000000e+02
6.550000000000000000e+02 2.640000000000000000e+02
6.550000000000000000e+02 2.880000000000000000e+02
6.550000000000000000e+02 3.120000000000000000e+02
6.550000000000000000e+02 3.360000000000000000e+02
6.550000000000000000e+02 3.600000000000000000e+02
6.550000000000000000e+02 3.840000000000000000e+02
6.550000000000000000e+02 4.080000000000000000e+02
6.550000000000000000e+02 4.320000000000000000e+02
6.550000000000000000e+02 4.560000000000000000e+02
6.670000000000000000e+02 1.200000000000000000e+01
6.670000000000000000e+02 3.600000000000000000e+01
6.670000000000000000e+02 6.000000000000000000e+01
6.670000000000000000e+02 8.400000000000000000e+01
6.670000000000000000e+02 1.080000000000000000e+02
6.670000000000000000e+02 1.320000000000000000e+02
6.670000000000000000e+02 1.560000000000000000e+02
6.670000000000000000e+02 1.800000000000000000e+02
6.670000000000000000e+02 2.040000000000000000e+02
6.670000000000000000e+02 2.280000000000000000e+02
6.670000000000000000e+02 2.520000000000000000e+02
6.670000000000000000e+02 2.760000000000000000e+02
6.670000000000000000e+02 3.000000000000000000e+02
6.670000000000000000e+02 3.240000000000000000e+02
6.670000000000000000e+02 3.480000000000000000e+02
6.670000000000000000e+02 3.720000000000000000e+02
6.670000000000000000e+02 3.960000000000000000e+02
6.670000000000000000e+02 4.200000000000000000e+02
6.670000000000000000e+02 4.440000000000000000e+02
6.790000000000000000e+02 2.400000000000000000e+01
6.790000000000000000e+02 4.800000000000000000e+01
6.790000000000000000e+02 7.200000000000000000e+01
6.790000000000000000e+02 9.600000000000000000e+01
6.790000000000000000e+02 1.200000000000000000e+02
6.790000000000000000e+02 1.440000000000000000e+02
6.790000000000000000e+02 1.680000000000000000e+02
6.790000000000000000e+02 1.920000000000000000e+02
6.790000000000000000e+02 2.160000000000000000e+02
6.790000000000000000e+02 2.400000000000000000e+02
6.790000000000000000e+02 2.640000000000000000e+02
6.790000000000000000e+02 2.880000000000000000e+02
6.790000000000000000e+02 3.120000000000000000e+02
6.790000000000000000e+02 3.360000000000000000e+02
6.790000000000000000e+02 3.600000000000000000e+02
6.790000000000000000e+02 3.840000000000000000e+02
6.790000000000000000e+02 4.080000000000000000e+02
6.790000000000000000e+02 4.320000000000000000e+02
6.790000000000000000e+02 4.560000000000000000e+02
6.910000000000000000e+02 1.200000000000000000e+01
6.910000000000000000e+02 3.600000000000000000e+01
6.910000000000000000e+02 6.000000000000000000e+01
6.910000000000000000e+02 8.400000000000000000e+01
6.910000000000000000e+02 1.080000000000000000e+02
6.910000000000000000e+02 1.320000000000000000e+02
6.910000000000000000e+02 1.560000000000000000e+02
6.910000000000000000e+02 1.800000000000000000e+02
6.910000000000000000e+02 2.040000000000000000e+02
6.910000000000000000e+02 2.280000000000000000e+02
6.910000000000000000e+02 2.520000000000000000e+02
6.910000000000000000e+02 2.760000000000000000e+02
6.910000000000000000e+02 3.000000000000000000e+02
6.910000000000000000e+02 3.240000000000000000e+02
6.910000000000000000e+02 3.480000000000000000e+02
6.910000000000000000e+02 3.720000000000000000e+02
6.910000000000000000e+02 3.960000000000000000e+02
6.910000000000000000e+02 4.200000000000000000e+02
6.910000000000000000e+02 4.440000000000000000e+02
7.030000000000000000e+02 2.400000000000000000e+01
7.030000000000000000e+02 4.800000000000000000e+01
7.030000000000000000e+02 7.200000000000000000e+01
7.030000000000000000e+02 9.600000000000000000e+01
7.030000000000000000e+02 1.200000000000000000e+02
7.030000000000000000e+02 1.440000000000000000e+02
7.030000000000000000e+02 1.680000000000000000e+02
7.030000000000000000e+02 1.920000000000000000e+02
7.030000000000000000e+02 2.160000000000000000e+02
7.030000000000000000e+02 2.400000000000000000e+02
7.030000000000000000e+02 2.640000000000000000e+02
7.030000000000000000e+02 2.880000000000000000e+02
7.030000000000000000e+02 3.120000000000000000e+02
7.030000000000000000e+02 3.360000000000000000e+02
7.030000000000000000e+02 3.600000000000000000e+02
7.030000000000000000e+02 3.840000000000000000e+02
7.030000000000000000e+02 4.080000000000000000e+02
7.030000000000000000e+02 4.320000000000000000e+02
7.030000000000000000e+02 4.560000000000000000e+02
7.150000000000000000e+02 1.200000000000000000e+01
7.150000000000000000e+02 3.600000000000000000e+01
7.150000000000000000e+02 6.000000000000000000e+01
7.150000000000000000e+02 8.400000000000000000e+01
7.150000000000000000e+02 1.080000000000000000e+02
7.150000000000000000e+02 1.320000000000000000e+02
7.150000000000000000e+02 1.560000000000000000e+02
7.150000000000000000e+02 1.800000000000000000e+02
7.150000000000000000e+02 2.040000000000000000e+02
7.150000000000000000e+02 2.280000000000000000e+02
7.150000000000000000e+02 2.520000000000000000e+02
7.150000000000000000e+02 2.760000000000000000e+02
7.150000000000000000e+02 3.000000000000000000e+02
7.150000000000000000e+02 3.240000000000000000e+02
7.150000000000000000e+02 3.480000000000000000e+02
7.150000000000000000e+02 3.720000000000000000e+02
7.150000000000000000e+02 3.960000000000000000e+02
7.150000000000000000e+02 4.200000000000000000e+02
7.150000000000000000e+02 4.440000000000000000e+02
7.270000000000000000e+02 2.400000000000000000e+01
7.270000000000000000e+02 4.800000000000000000e+01
7.270000000000000000e+02 7.200000000000000000e+01
7.270000000000000000e+02 9.600000000000000000e+01
7.270000000000000000e+02 1.200000000000000000e+02
7.270000000000000000e+02 1.440000000000000000e+02
7.270000000000000000e+02 1.680000000000000000e+02
7.270000000000000000e+02 1.920000000000000000e+02
7.270000000000000000e+02 2.160000000000000000e+02
7.270000000000000000e+02 2.400000000000000000e+02
7.270000000000000000e+02 2.640000000000000000e+02
7.270000000000000000e+02 2.880000000000000000e+02
7.270000000000000000e+02 3.120000000000000000e+02
7.270000000000000000e+02 3.360000000000000000e+02
7.270000000000000000e+02 3.600000000000000000e+02
7.270000000000000000e+02 3.840000000000000000e+02
7.270000000000000000e+02 4.080000000000000000e+02
7.270000000000000000e+02 4.320000000000000000e+02
7.270000000000000000e+02 4.560000000000000000e+02
7.390000000000000000e+02 1.200000000000000000e+01
7.390000000000000000e+02 3.600000000000000000e+01
7.390000000000000000e+02 6.000000000000000000e+01
7.390000000000000000e+02 8.400000000000000000e+01
7.390000000000000000e+02 1.080000000000000000e+02
7.390000000000000000e+02 1.320000000000000000e+02
7.390000000000000000e+02 1.560000000000000000e+02
7.390000000000000000e+02 1.800000000000000000e+02
7.390000000000000000e+02 2.040000000000000000e+02
7.390000000000000000e+02 2.280000000000000000e+02
7.390000000000000000e+02 2.520000000000000000e+02
7.390000000000000000e+02 2.760000000000000000e+02
7.390000000000000000e+02 3.000000000000000000e+02
7.390000000000000000e+02 3.240000000000000000e+02
7.390000000000000000e+02 3.480000000000000000e+02
7.390000000000000000e+02 3.720000000000000000e+02
7.390000000000000000e+02 3.960000000000000000e+02
7.390000000000000000e+02 4.200000000000000000e+02
7.390000000000000000e+02 4.440000000000000000e+02
7.510000000000000000e+02 2.400000000000000000e+01
7.510000000000000000e+02 4.800000000000000000e+01
7.510000000000000000e+02 7.200000000000000000e+01
7.510000000000000000e+02 9.600000000000000000e+01
7.510000000000000000e+02 1.200000000000000000e+02
7.510000000000000000e+02 1.440000000000000000e+02
7.510000000000000000e+02 1.680000000000000000e+02
7.510000000000000000e+02 1.920000000000000000e+02
7.510000000000000000e+02 2.160000000000000000e+02
7.510000000000000000e+02 2.400000000000000000e+02
7.510000000000000000e+02 2.640000000000000000e+02
7.510000000000000000e+02 2.880000000000000000e+02
7.510000000000000000e+02 3.120000000000000000e+02
7.510000000000000000e+02 3.360000000000000000e+02
7.510000000000000000e+02 3.600000000000000000e+02
7.510000000000000000e+02 3.840000000000000000e+02
7.510000000000000000e+02 4.080000000000000000e+02
7.510000000000000000e+02 4.320000000000000000e+02
7.510000000000000000e+02 4.560000000000000000e+02
7.630000000000000000e+02 1.200000000000000000e+01
7.630000000000000000e+02 3.600000000000000000e+01
7.630000000000000000e+02 6.000000000000000000e+01
7.630000000000000000e+02 8.400000000000000000e+01
7.630000000000000000e+02 1.080000000000000000e+02
7.630000000000000000e+02 1.320000000000000000e+02
7.630000000000000000e+02 1.560000000000000000e+02
7.630000000000000000e+02 1.800000000000000000e+02
7.630000000000000000e+02 2.040000000000000000e+02
7.630000000000000000e+02 2.280000000000000000e+02
7.630000000000000000e+02 2.520000000000000000e+02
7.630000000000000000e+02 2.760000000000000000e+02
7.630000000000000000e+02 3.000000000000000000e+02
7.630000000000000000e+02 3.240000000000000000e+02
7.630000000000000000e+02 3.480000000000000000e+02
7.630000000000000000e+02 3.720000000000000000e+02
7.630000000000000000e+02 3.960000000000000000e+02
7.630000000000000000e+02 4.200000000000000000e+02
7.630000000000000000e+02 4.440000000000000000e+02
7.750000000000000000e+02 2.400000000000000000e+01
7.750000000000000000e+02 4.800000000000000000e+01
7.750000000000000000e+02 7.200000000000000000e+01
7.750000000000000000e+02 9.600000000000000000e+01
7.750000000000000000e+02 1.200000000000000000e+02
7.750000000000000000e+02 1.440000000000000000e+02
7.750000000000000000e+02 1.680000000000000000e+02
7.750000000000000000e+02 1.920000000000000000e+02
7.750000000000000000e+02 2.160000000000000000e+02
7.750000000000000000e+02 2.400000000000000000e+02
7.750000000000000000e+02 2.640000000000000000e+02
7.750000000000000000e+02 2.880000000000000000e+02
7.750000000000000000e+02 3.120000000000000000e+02
7.750000000000000000e+02 3.360000000000000000e+02
7.750000000000000000e+02 3.600000000000000000e+02
7.750000000000000000e+02 3.840000000000000000e+02
7.750000000000000000e+02 4.080000000000000000e+02
7.750000000000000000e+02 4.320000000000000000e+02
7.750000000000000000e+02 4.560000000000000000e+02
7.870000000000000000e+02 1.200000000000000000e+01
7.870000000000000000e+02 3.600000000000000000e+01
7.870000000000000000e+02 6.000000000000000000e+01
7.870000000000000000e+02 8.400000000000000000e+01
7.870000000000000000e+02 1.080000000000000000e+02
7.870000000000000000e+02 1.320000000000000000e+02
7.870000000000000000e+02 1.560000000000000000e+02
7.870000000000000000e+02 1.800000000000000000e+02
7.870000000000000000e+02 2.040000000000000000e+02
7.870000000000000000e+02 2.280000000000000000e+02
7.870000000000000000e+02 2.520000000000000000e+02
7.870000000000000000e+02 2.760000000000000000e+02
7.870000000000000000e+02 3.000000000000000000e+02
7.870000000000000000e+02 3.240000000000000000e+02
7.870000000000000000e+02 3.480000000000000000e+02
7.870000000000000000e+02 3.720000000000000000e+02
7.870000000000000000e+02 3.960000000000000000e+02
7.870000000000000000e+02 4.200000000000000000e+02
7.870000000000000000e+02 4.440000000000000000e+02
7.990000000000000000e+02 2.400000000000000000e+01
7.990000000000000000e+02 4.800000000000000000e+01
7.990000000000000000e+02 7.200000000000000000e+01
7.990000000000000000e+02 9.600000000000000000e+01
7.990000000000000000e+02 1.200000000000000000e+02
7.990000000000000000e+02 1.440000000000000000e+02
7.990000000000000000e+02 1.680000000000000000e+02
7.990000000000000000e+02 1.920000000000000000e+02
7.990000000000000000e+02 2.160000000000000000e+02
7.990000000000000000e+02 2.400000000000000000e+02
7.990000000000000000e+02 2.640000000000000000e+02
7.990000000000000000e+02 2.880000000000000000e+02
7.990000000000000000e+02 3.120000000000000000e+02
7.990000000000000000e+02 3.360000000000000000e+02
7.990000000000000000e+02 3.600000000000000000e+02
7.990000000000000000e+02 3.840000000000000000e+02
7.990000000000000000e+02 4.080000000000000000e+02
7.990000000000000000e+02 4.320000000000000000e+02
7.990000000000000000e+02 4.560000000000000000e+02
8.110000000000000000e+02 1.200000000000000000e+01
8.110000000000000000e+02 3.600000000000000000e+01
8.110000000000000000e+02 6.000000000000000000e+01
8.110000000000000000e+02 8.400000000000000000e+01
8.110000000000000000e+02 1.080000000000000000e+02
8.110000000000000000e+02 1.320000000000000000e+02
8.110000000000000000e+02 1.560000000000000000e+02
8.110000000000000000e+02 1.800000000000000000e+02
8.110000000000000000e+02 2.040000000000000000e+02
8.110000000000000000e+02 2.280000000000000000e+02
8.110000000000000000e+02 2.520000000000000000e+02
8.110000000000000000e+02 2.760000000000000000e+02
8.110000000000000000e+02 3.000000000000000000e+02
8.110000000000000000e+02 3.240000000000000000e+02
8.110000000000000000e+02 3.480000000000000000e+02
8.110000000000000000e+02 3.720000000000000000e+02
8.110000000000000000e+02 3.960000000000000000e+02
8.110000000000000000e+02 4.200000000000000000e+02
8.110000000000000000e+02 4.440000000000000000e+02
8.230000000000000000e+02 2.400000000000000000e+01
8.230000000000000000e+02 4.800000000000000000e+01
8.230000000000000000e+02 7.200000000000000000e+01
8.230000000000000000e+02 9.600000000000000000e+01
8.230000000000000000e+02 1.200000000000000000e+02
8.230000000000000000e+02 1.440000000000000000e+02
8.230000000000000000e+02 1.680000000000000000e+02
8.230000000000000000e+02 1.920000000000000000e+02
8.230000000000000000e+02 2.160000000000000000e+02
8.230000000000000000e+02 2.400000000000000000e+02
8.230000000000000000e+02 2.640000000000000000e+02
8.230000000000000000e+02 2.880000000000000000e+02
8.230000000000000000e+02 3.120000000000000000e+02
8.230000000000000000e+02 3.360000000000000000e+02
8.230000000000000000e+02 3.600000000000000000e+02
8.230000000000000000e+02 3.840000000000000000e+02
8.230000000000000000e+02 4.080000000000000000e+02
8.230000000000000000e+02 4.320000000000000000e+02
8.230000000000000000e+02 4.560000000000000000e+02
8.350000000000000000e+02 1.200000000000000000e+01
8.350000000000000000e+02 3.600000000000000000e+01
8.350000000000000000e+02 6.000000000000000000e+01
8.350000000000000000e+02 8.400000000000000000e+01
8.350000000000000000e+02 1.080000000000000000e+02
8.350000000000000000e+02 1.320000000000000000e+02
8.350000000000000000e+02 1.560000000000000000e+02
8.350000000000000000e+02 1.800000000000000000e+02
8.350000000000000000e+02 2.040000000000000000e+02
8.350000000000000000e+02 2.280000000000000000e+02
8.350000000000000000e+02 2.520000000000000000e+02
8.350000000000000000e+02 2.760000000000000000e+02
8.350000000000000000e+02 3.000000000000000000e+02
8.350000000000000000e+02 3.240000000000000000e+02
8.350000000000000000e+02 3.480000000000000000e+02
8.350000000000000000e+02 3.720000000000000000e+02
8.350000000000000000e+02 3.960000000000000000e+02
8.350000000000000000e+02 4.200000000000000000e+02
8.350000000000000000e+02 4.440000000000000000e+02
3.550000000000000000e+02 1.920000000000000000e+02
4.990000000000000000e+02 1.920000000000000000e+02
3.550000000000000000e+02 2.880000000000000000e+02
4.990000000000000000e+02 2.880000000000000000e+02
